42
Alaska 125
North_America
Kamchatka,Northwest_Territory,Alberta
10,7
10,8
10,5
11,7
11,8
11,6
12,7
12,8
12,6
12,5
12,4
13,7
13,8
13,6
13,5
13,4
14,8
14,7
14,6
15,7
15,8
15,6
15,5
15,4
15,3
16,7
16,8
16,6
16,5
16,4
16,3
17,7
17,8
17,6
17,5
17,4
17,3
18,7
18,8
18,6
18,5
18,4
18,3
19,7
19,8
19,6
19,5
19,4
20,7
20,6
20,5
21,6
22,5
9,8
9,9
9,10
10,9
10,10
11,9
11,10
12,9
12,10
13,9
13,10
14,9
14,10
15,9
15,10
16,9
16,10
17,9
17,10
10,11
10,12
11,11
11,12
12,11
12,12
13,11
13,12
14,11
14,12
15,11
15,12
16,11
16,12
17,11
17,12
11,13
11,14
12,13
12,14
13,13
13,14
14,13
14,14
15,13
15,14
16,13
16,14
17,13
17,14
18,9
19,9
20,9
18,10
18,11
19,11
18,12
19,12
18,13
19,13
20,13
18,14
19,14
20,14
21,14
18,15
19,15
20,15
21,15
22,15
19,16
20,16
21,16
Northwest_Territory 157
North_America
Greenland,Alberta,Ontario,Alaska
11,15
11,16
12,15
12,16
13,15
13,16
14,15
14,16
15,15
15,16
16,15
16,16
17,15
17,16
12,17
12,18
13,17
13,18
14,17
14,18
15,17
15,18
16,17
16,18
17,17
17,18
12,19
12,20
13,19
13,20
14,19
14,20
15,19
15,20
16,19
16,20
17,19
17,20
12,21
12,22
13,21
13,22
14,21
14,22
15,21
15,22
16,21
16,22
17,21
17,22
11,21
11,22
12,23
13,23
14,23
15,23
16,23
17,23
11,23
12,24
13,24
14,24
15,24
16,24
17,24
12,25
13,25
14,25
15,25
16,25
17,25
13,26
14,26
15,26
16,26
17,26
14,27
15,27
16,27
17,27
14,28
15,28
16,28
17,28
13,29
14,29
15,29
16,29
17,29
13,29
14,29
15,29
16,29
17,29
13,29
14,29
15,29
16,29
17,29
13,30
14,30
15,30
16,30
17,30
12,30
13,31
14,31
15,31
16,31
17,31
13,32
14,32
15,32
16,32
17,32
13,33
14,33
15,33
16,33
17,33
12,33
18,33
13,34
14,34
15,34
16,34
17,34
12,34
11,34
13,35
14,35
15,35
16,35
17,35
12,35
11,35
10,35
13,36
14,36
15,36
16,36
12,36
11,36
10,36
9,36
14,37
13,37
12,37
8,37
14,38
13,38
12,38
13,39
12,39
11,39
13,40
12,40
Alberta 155
North_America
Alaska,Northwest_Territory,Ontario,Western_U.S.
18,16
18,17
18,18
18,19
18,20
18,21
18,22
18,23
18,24
19,17
19,18
19,19
19,20
19,21
19,22
19,23
19,24
20,17
20,18
20,19
20,20
20,21
20,22
20,23
20,24
21,17
21,18
21,19
21,20
21,21
21,22
21,23
21,24
22,17
22,18
22,19
22,20
22,21
22,22
22,23
22,24
23,17
23,18
23,19
23,20
23,21
23,22
23,23
23,24
24,17
24,18
24,19
24,20
24,21
24,22
24,23
24,24
25,17
25,18
25,19
25,20
25,21
25,22
25,23
25,24
25,16
24,16
24,15
23,16
23,15
22,16
18,25
18,26
18,27
18,28
19,25
19,26
19,27
19,28
20,25
20,26
20,27
20,28
21,25
21,26
21,27
21,28
22,25
22,26
22,27
22,28
23,25
23,26
23,27
24,25
24,26
24,27
25,25
25,26
25,27
26,25
26,26
26,27
26,24
26,23
26,22
26,21
26,20
26,19
26,18
26,17
27,17
27,18
27,19
27,20
27,21
27,22
27,23
27,24
28,18
28,19
28,20
28,21
28,22
28,23
28,24
29,18
29,19
29,20
29,21
29,22
29,23
29,24
30,18
30,19
30,20
30,21
30,22
30,23
30,24
26,25
26,26
26,27
27,25
27,26
27,27
28,25
28,26
28,27
29,25
29,26
29,27
30,25
30,26
30,27
Ontario 114
North_America
Northwest_Territory,Alberta,Quebec,Greenland,Western_U.S.,Eastern_U.S.
19,33
20,33
21,33
22,33
22,34
23,33
23,34
24,33
24,34
24,35
25,33
25,34
25,35
25,36
25,37
26,33
26,34
26,35
26,36
26,37
27,33
27,34
27,35
27,36
27,37
28,33
28,34
28,35
28,36
28,37
28,38
29,33
29,34
29,35
29,36
29,37
29,38
30,33
30,34
30,35
30,36
30,37
30,38
31,36
31,37
31,38
32,37
32,38
33,38
18,29
18,30
18,31
18,32
19,29
19,30
19,31
19,32
20,29
20,30
20,31
20,32
21,29
21,30
21,31
21,32
22,29
22,30
22,31
22,32
23,28
23,29
23,30
23,31
23,32
23,28
23,29
23,30
23,31
23,32
24,28
24,29
24,30
24,31
24,32
25,28
25,29
25,30
25,31
25,32
26,28
26,29
26,30
26,31
26,32
27,28
27,29
27,30
27,31
27,32
28,28
28,29
28,30
28,31
28,32
29,28
29,29
29,30
29,31
29,32
30,28
30,29
30,30
30,31
30,32
Western_U.S. 178
North_America
Central_America,Eastern_U.S.,Alberta,Ontario
31,18
31,19
31,20
31,21
31,22
31,23
31,24
31,25
31,26
31,27
31,28
31,29
31,30
32,18
32,19
32,20
32,21
32,22
32,23
32,24
32,25
32,26
32,27
32,28
32,29
32,30
33,17
33,18
33,19
33,20
33,21
33,22
33,23
33,24
33,25
33,26
33,27
33,28
33,29
33,30
34,17
34,18
34,19
34,20
34,21
34,22
34,23
34,24
34,25
34,26
34,27
34,28
34,29
34,30
35,17
35,18
35,19
35,20
35,21
35,22
35,23
35,24
35,25
35,26
35,27
35,28
35,29
35,30
36,17
36,18
36,19
36,20
36,21
36,22
36,23
36,24
36,25
36,26
36,27
36,28
36,29
36,30
37,17
37,18
37,19
37,20
37,21
37,22
37,23
37,24
37,25
37,26
37,27
37,28
37,29
37,30
38,17
38,18
38,19
38,20
38,21
38,22
38,23
38,24
38,25
38,26
38,27
38,28
38,29
38,30
39,17
39,18
39,19
39,20
39,21
39,22
39,23
39,24
39,25
39,26
39,27
39,28
40,17
40,18
40,19
40,20
40,21
40,22
40,23
40,24
40,25
40,26
40,27
40,28
41,17
41,18
41,19
41,20
41,21
41,22
41,23
41,24
41,25
41,26
42,17
42,18
42,19
42,20
42,21
42,22
42,23
42,24
42,25
42,26
43,18
43,19
43,20
43,21
43,22
43,23
43,24
43,25
43,26
44,20
44,21
44,22
44,23
44,24
44,25
44,26
45,20
45,21
45,22
45,23
45,24
45,25
46,24
46,25
Quebec 128
North_America
Greenland,Ontario,Eastern_U.S.
33,39
33,40
33,41
33,42
33,43
33,45
33,46
33,47
33,48
34,45
34,46
34,47
35,45
35,46
35,47
32,39
32,40
32,41
32,42
32,43
32,44
32,45
32,46
31,39
31,40
31,41
31,42
31,43
31,44
31,45
31,46
30,39
30,40
30,41
30,42
30,43
30,44
30,45
29,39
29,40
29,41
29,42
29,43
29,44
29,45
29,46
29,47
29,48
28,39
28,40
28,41
28,42
28,43
28,44
28,45
28,46
28,47
28,48
28,49
27,39
27,40
27,41
27,42
27,43
27,44
27,45
27,46
27,47
27,48
27,49
27,50
26,39
26,40
26,41
26,42
26,43
26,44
26,45
26,46
26,47
26,48
26,49
26,50
25,39
25,40
25,41
25,42
25,43
25,44
25,45
25,46
25,47
25,48
25,49
24,40
24,41
24,42
24,43
24,44
24,45
24,46
24,47
24,48
23,41
23,42
23,43
23,44
23,45
23,46
23,47
23,48
22,41
22,42
22,43
22,44
22,45
22,47
21,41
21,42
21,43
21,44
21,45
20,42
20,43
20,44
19,42
19,43
19,44
Eastern_U.S. 199
North_America
Quebec,Western_U.S.,Central_America,Ontario
31,31
31,32
32,31
33,31
33,32
33,33
32,32
34,31
34,32
34,33
34,35
34,38
34,39
34,40
34,41
34,42
34,43
34,44
33,44
35,35
35,36
35,37
35,40
35,41
35,42
35,43
35,44
36,34
36,35
36,36
36,39
36,40
36,41
36,42
36,43
37,34
37,35
37,36
37,37
37,38
37,39
37,40
37,41
37,42
37,43
38,34
38,35
38,36
38,37
38,38
38,39
38,40
38,41
38,42
39,34
39,35
39,36
39,37
39,38
39,39
39,40
39,41
39,42
40,34
40,35
40,36
40,37
40,38
40,39
40,40
40,41
41,34
41,35
41,36
41,37
41,38
41,39
41,40
41,41
41,42
42,34
42,35
42,36
42,37
42,38
42,39
42,40
42,41
42,42
43,34
43,35
43,36
43,37
43,38
43,39
43,40
43,41
44,34
44,35
44,36
44,37
44,38
44,39
44,40
45,34
45,35
45,36
45,37
45,38
45,39
46,34
46,35
46,36
46,37
46,38
47,36
47,37
47,38
48,37
48,38
48,39
49,37
49,38
49,39
50,38
50,39
47,26
47,27
48,27
47,28
48,28
47,29
47,30
35,31
35,32
35,33
36,31
36,32
36,33
37,31
37,32
37,33
38,31
38,32
38,33
39,31
39,32
39,33
39,30
39,29
40,31
40,32
40,33
40,30
40,29
41,31
41,32
41,33
41,30
41,29
41,28
41,27
42,31
42,32
42,33
42,30
42,29
42,28
42,27
43,31
43,32
43,33
43,30
43,29
43,28
43,27
44,31
44,32
44,33
44,30
44,29
44,28
44,27
45,31
45,32
45,33
45,30
45,29
45,28
45,27
45,26
46,31
46,32
46,33
46,30
46,29
46,28
46,27
46,26
Central_America 82
North_America
Venezuela,Western_U.S.,Eastern_U.S.
45,19
44,19
44,18
46,19
46,20
43,17
44,17
50,20
45,18
46,18
47,18
48,19
49,19
47,19
46,21
46,22
46,23
47,21
47,22
47,23
47,20
47,24
47,25
48,21
48,22
48,23
48,24
48,25
48,26
49,22
49,23
49,24
49,25
49,26
50,23
50,24
50,25
50,26
51,23
51,24
51,25
51,26
51,29
51,30
52,23
52,24
52,25
52,26
52,27
52,28
52,29
52,30
53,23
53,24
53,25
53,26
53,27
53,28
53,29
54,25
54,26
54,27
54,28
54,29
54,30
55,26
55,27
55,28
55,29
56,26
56,27
56,28
57,27
57,28
58,27
58,28
58,29
58,30
58,31
59,28
59,29
59,30
Venezuela 97
South_America
Central_America,Brazil,Peru
58,32
59,31
59,32
58,33
59,33
57,33
58,34
59,34
57,34
56,34
58,35
59,35
57,35
58,36
59,36
58,37
59,37
58,38
59,38
58,39
59,39
60,32
61,31
61,32
60,33
61,33
60,34
61,34
60,35
61,35
60,36
61,36
60,37
61,37
60,38
61,38
60,39
61,39
60,31
62,30
62,31
62,32
62,33
62,34
62,35
62,36
62,37
62,38
63,31
63,32
63,33
63,34
63,35
64,32
64,33
64,34
64,35
65,33
65,34
65,35
66,34
66,35
58,40
59,40
59,41
60,40
60,41
60,42
61,40
61,41
61,42
61,43
61,44
61,45
61,46
61,47
62,41
62,42
62,43
62,44
62,45
62,46
62,47
63,41
63,42
63,43
63,44
63,45
63,46
64,41
64,42
64,43
64,44
64,45
63,38
63,37
62,39
Brazil 307
South_America
North_Africa,Venezuela,Peru,Argentina
62,40
62,48
63,36
63,39
63,40
63,47
63,48
63,49
64,36
64,37
64,38
64,39
64,40
64,46
64,47
64,48
64,49
65,36
65,37
65,38
65,39
65,40
65,41
65,42
65,43
65,44
65,45
65,46
65,47
65,48
65,49
65,50
65,51
66,36
66,37
66,38
66,39
66,40
66,41
66,42
66,43
66,44
66,45
66,46
66,47
66,48
66,49
66,50
66,51
66,52
66,53
66,54
66,55
66,56
67,35
67,36
67,37
67,38
67,39
67,40
67,41
67,42
67,43
67,44
67,45
67,46
67,47
67,48
67,49
67,50
67,51
67,52
67,53
67,54
67,55
67,56
67,57
68,34
68,35
68,36
68,37
68,38
68,39
68,40
68,41
68,42
68,43
68,44
68,45
68,46
68,47
68,48
68,49
68,50
68,51
68,52
68,53
68,54
68,55
68,56
68,57
69,34
69,35
69,36
69,37
69,38
69,39
69,40
69,41
69,42
69,43
69,44
69,45
69,46
69,47
69,48
69,49
69,50
69,51
69,52
69,53
69,54
69,55
69,56
69,57
70,35
70,36
70,37
70,38
70,39
70,40
70,41
70,42
70,43
70,44
70,45
70,46
70,47
70,48
70,49
70,50
70,51
70,52
70,53
70,54
70,55
70,56
71,36
71,37
71,38
71,39
71,40
71,41
71,42
71,43
71,44
71,45
71,46
71,47
71,48
71,49
71,50
71,51
71,52
71,53
71,54
71,55
72,39
72,40
72,41
72,42
72,43
72,44
72,45
72,46
72,47
72,48
72,49
72,50
72,51
72,52
72,53
72,54
73,40
73,41
73,42
73,43
73,44
73,45
73,46
73,47
73,48
73,49
73,50
73,51
73,52
73,53
73,54
74,40
74,41
74,42
74,43
74,44
74,45
74,46
74,47
74,48
74,49
74,50
74,51
74,52
74,53
74,54
75,41
75,42
75,43
75,44
75,45
75,46
75,47
75,48
75,49
75,50
75,51
75,52
75,53
75,54
76,41
76,42
76,43
76,44
76,45
76,46
76,47
76,48
76,49
76,50
76,51
76,52
76,53
77,41
77,42
77,43
77,44
77,45
77,46
77,47
77,48
77,49
77,50
77,51
77,52
77,53
78,41
78,42
78,43
78,44
78,45
78,46
78,47
78,48
78,49
78,50
78,51
78,52
79,42
79,43
79,44
79,45
79,46
79,47
79,48
79,49
79,50
79,51
80,43
80,44
80,45
80,46
80,47
80,48
80,49
80,50
80,51
81,43
81,44
81,45
81,46
81,47
81,48
82,44
82,45
82,46
82,47
83,44
83,45
83,46
83,47
84,43
84,44
84,45
84,46
84,47
85,44
85,45
85,46
86,45
Peru 111
South_America
Brazil,Venezuela,Argentina
63,30
64,29
64,30
64,31
65,29
65,30
65,31
65,28
65,32
66,29
66,30
66,31
66,28
66,32
66,33
67,29
67,30
67,31
67,28
67,32
67,33
67,34
68,29
68,30
68,31
68,28
68,32
68,33
69,30
69,31
69,29
69,32
69,33
70,30
70,31
70,32
70,33
70,34
71,30
71,31
71,32
71,33
71,34
71,35
72,31
72,32
72,33
72,34
72,35
72,36
72,37
72,38
73,32
73,33
73,34
73,35
73,36
73,37
73,38
73,39
74,32
74,33
74,34
74,35
74,36
74,37
74,38
74,39
75,33
75,34
75,35
75,36
75,37
75,38
75,39
75,40
76,33
76,34
76,35
76,36
76,37
76,38
76,39
76,40
77,34
77,35
77,36
77,37
77,38
77,39
77,40
78,35
78,36
78,37
78,38
78,39
78,40
79,38
79,39
79,40
79,41
80,40
80,41
80,42
81,40
81,41
81,42
82,40
82,41
82,42
82,43
Argentina 180
South_America
Brazil,Peru
77,33
78,33
78,34
79,33
79,34
79,35
79,36
79,37
80,33
80,34
80,35
80,36
80,37
80,38
80,39
81,33
81,34
81,35
81,36
81,37
81,38
81,39
82,33
82,34
82,35
82,36
82,37
82,38
82,39
83,34
83,35
83,36
83,37
83,38
83,39
83,40
83,41
83,42
83,43
84,33
84,34
84,35
84,36
84,37
84,38
84,39
84,40
84,41
84,42
84,43
85,33
85,34
85,35
85,36
85,37
85,38
85,39
85,40
85,41
85,42
85,43
85,44
86,34
86,35
86,36
86,37
86,38
86,39
86,40
86,41
86,42
86,43
86,44
87,34
87,35
87,36
87,37
87,38
87,39
87,40
87,41
87,42
87,43
87,44
87,45
88,34
88,35
88,36
88,37
88,38
88,39
88,40
88,41
88,42
88,43
88,44
89,33
89,34
89,35
89,36
89,37
89,38
89,39
89,40
89,41
89,42
89,43
90,33
90,34
90,35
90,36
90,37
90,38
90,39
90,40
90,41
90,42
90,43
90,44
91,34
91,35
91,36
91,37
91,38
91,39
91,40
91,41
91,42
91,43
92,34
92,35
92,36
92,37
92,38
92,39
92,40
92,41
93,35
93,36
93,37
93,38
93,39
93,40
94,35
94,36
94,37
94,38
94,39
95,36
95,37
95,38
95,39
96,36
96,37
96,38
96,39
97,35
97,36
97,37
97,38
98,36
98,37
98,38
98,39
99,36
99,37
99,38
99,39
100,36
100,37
100,38
101,36
101,37
101,38
102,37
102,38
103,37
103,38
103,39
104,38
Greenland 254
North_America
Northwest_Territory,Ontario,Quebec,Iceland
1,52
1,53
1,54
1,55
1,56
1,57
1,58
2,51
2,52
2,53
2,54
2,55
2,56
2,57
2,61
2,62
3,50
3,51
3,52
3,53
3,54
3,55
3,56
3,57
3,58
3,59
3,60
3,61
4,49
4,50
4,51
4,52
4,53
4,54
4,55
4,56
4,57
4,58
4,59
4,60
10,42
10,43
10,44
10,45
10,46
10,47
10,48
10,49
10,50
10,51
10,52
10,53
10,54
10,55
10,56
10,57
10,58
10,59
10,60
9,43
9,44
9,45
9,46
9,47
9,48
9,49
9,50
9,51
9,52
9,53
9,54
9,55
9,56
9,57
9,58
9,59
9,60
8,43
8,44
8,45
8,46
8,47
8,48
8,49
8,50
8,51
8,52
8,53
8,54
8,55
8,56
8,57
8,58
8,59
8,60
7,44
7,45
7,46
7,47
7,48
7,49
7,50
7,51
7,52
7,53
7,54
7,55
7,56
7,57
7,58
7,59
7,60
6,45
6,46
6,47
6,48
6,49
6,50
6,51
6,52
6,53
6,54
6,55
6,56
6,57
6,58
6,59
6,60
5,46
5,47
5,48
5,49
5,50
5,51
5,52
5,53
5,54
5,55
5,56
5,57
5,58
5,59
5,60
11,45
11,46
11,47
11,48
11,49
11,50
11,51
11,52
11,53
11,54
11,55
11,56
11,57
11,58
11,59
12,46
12,47
12,48
12,49
12,50
12,51
12,52
12,53
12,54
12,55
12,56
12,57
12,58
12,59
13,46
13,47
13,48
13,49
13,50
13,51
13,52
13,53
13,54
13,55
13,56
13,57
13,58
13,59
13,60
14,46
14,47
14,48
14,49
14,50
14,51
14,52
14,53
14,54
14,55
14,56
14,57
14,58
14,59
15,47
15,48
15,49
15,50
15,51
15,52
15,53
15,54
15,55
15,56
15,57
15,58
16,46
16,47
16,48
16,49
16,50
16,51
16,52
16,53
16,54
16,55
16,56
16,57
17,46
17,47
17,48
17,49
17,50
17,51
17,52
17,53
17,54
18,47
18,48
18,49
18,50
18,51
18,52
18,53
19,48
19,49
19,50
19,51
19,52
20,49
20,50
20,51
21,49
21,50
21,51
22,50
22,51
Iceland 45
Europe
Great_Britain,Scandinavia,Greenland
19,62
19,63
19,64
19,65
19,66
19,67
19,68
19,69
19,70
20,63
20,64
20,65
20,66
20,67
20,68
20,69
20,70
20,71
21,62
21,63
21,64
21,65
21,66
21,67
21,68
21,69
21,70
22,63
22,64
22,65
22,66
22,67
22,68
22,69
23,63
23,64
23,65
23,66
23,67
23,68
18,63
18,64
18,66
18,67
18,68
Great_Britain 96
Europe
Iceland,Scandinavia,Western_Europe,Northern_Europe
38,56
38,57
38,58
38,59
38,60
38,62
38,63
38,64
38,65
38,66
38,67
37,56
37,57
37,58
37,59
37,60
37,63
37,64
37,65
37,66
37,67
37,68
36,57
36,58
36,59
36,60
36,61
36,63
36,64
36,65
36,66
36,67
36,68
35,58
35,59
35,60
35,61
35,63
35,64
35,65
35,66
35,67
35,68
34,58
34,59
34,60
34,61
34,62
34,63
34,64
34,65
34,66
34,67
34,68
33,58
33,59
33,60
33,61
33,62
33,63
33,64
33,65
33,66
33,67
32,59
32,60
32,61
32,62
32,63
32,64
32,65
31,60
31,61
31,62
31,63
31,64
30,61
30,62
30,63
29,61
29,62
29,63
29,64
28,61
28,62
28,63
28,64
28,65 
27,61
27,62
27,63
27,64
27,65
26,62
26,63
26,64
Western_Europe 131
Europe
Northern_Europe,Southern_Europe,Great_Britain
39,69
39,70
40,68
40,69
40,70
40,71
40,72
41,66
41,67
41,68
41,69
41,70
41,71
41,72
42,64
42,65
42,66
42,67
42,68
42,69
42,70
42,71
42,72
43,64
43,65
43,66
43,67
43,68
43,69
43,70
43,71
43,72
44,65
44,66
44,67
44,68
44,69
44,70
44,71
44,72
45,66
45,67
45,68
45,69
45,70
45,71
45,72
46,66
46,67
46,68
46,69
46,70
46,71
46,72
47,61
47,62
47,63
47,64
47,65
47,66
47,67
47,68
47,69
47,70
47,71
47,72
48,61
48,62
48,63
48,64
48,65
48,66
48,67
48,68
48,69
48,70
48,72
49,62
49,63
49,64
49,65
49,66
49,67
49,68
49,69
49,70
50,63
50,64
50,65
50,66
50,67
50,68
50,69
50,70
51,62
51,63
51,64
51,65
51,66
51,67
51,68
51,69
51,70
52,61
52,62
52,63
52,64
52,65
52,66
52,67
52,68
52,69
52,70
53,61
53,62
53,63
53,64
53,65
53,66
53,67
53,68
53,69
54,62
54,63
54,64
54,65
54,66
54,67
54,68
55,66
55,67
Northern_Europe 139
Europe
Southern_Europe,Western_Europe,Ukraine,Scandinavia,Great_Britain
28,76
28,77
29,76
29,77
30,76
30,77
30,78
30,79
30,80
30,81
30,82
31,75
31,76
31,77
31,78
31,79
31,80
31,81
31,82
31,83
32,74
32,75
32,76
32,77
32,78
32,79
32,80
32,81
32,82
32,83
33,73
33,74
33,75
33,76
33,77
33,78
33,79
33,80
33,81
33,82
33,83
33,84
34,72
34,73
34,74
34,75
34,76
34,77
34,78
34,79
34,80
34,81
34,82
34,83
34,84
34,85
35,71
35,72
35,73
35,74
35,75
35,76
35,77
35,78
35,79
35,80
35,81
35,82
35,83
35,84
36,71
36,72
36,73
36,74
36,75
36,76
36,77
36,78
36,79
36,80
36,81
36,82
36,83
36,84
37,71
37,72
37,73
37,74
37,75
37,76
37,77
37,78
37,79
37,80
37,81
37,82
37,83
37,84
38,71
38,72
38,73
38,74
38,75
38,76
38,77
38,78
38,79
38,80
38,81
38,82
39,71
39,72
39,73
39,74
39,75
39,76
39,77
39,78
39,79
39,80
39,81
39,82
40,73
40,74
40,75
40,76
40,77
40,78
40,79
40,80
40,81
41,73
41,74
41,75
41,76
41,80
41,81
42,80
42,81
Southern_Europe 134
Europe
Middle_East,Egypt,Western_Europe,Northern_Europe,Ukraine
39,83
39,84
40,82
40,83
40,84
40,85
41,77
41,78
41,79
41,82
41,83
41,84
41,85
42,73
42,74
42,75
42,76
42,77
42,78
42,79
42,82
42,83
42,84
42,85
43,73
43,74
43,75
43,76
43,77
43,78
43,79
43,80
43,81
43,82
43,83
43,84
43,85
44,73
44,74
44,75
44,76
44,77
44,78
44,79
44,80
44,81
44,82
44,83
44,84
44,85
44,86
45,73
45,74
45,75
45,76
45,77
45,78
45,79
45,80
45,81
45,82
45,83
45,84
45,85
45,86
46,73
46,74
46,75
46,76
46,77
46,78
46,79
46,80
46,81
46,82
46,83
46,84
46,85
47,73
47,74
47,75
47,76
47,77
47,78
47,79
47,80
47,81
47,82
47,83
47,84
48,74
48,75
48,76
48,77
48,78
48,81
48,82
48,83
48,84
49,75
49,76
49,77
49,78
49,79
49,81
49,82
49,83
49,84
50,75
50,76
50,77
50,78
50,79
50,81
50,82
50,83
50,84
51,76
51,77
51,78
51,81
51,82
52,76
52,77
52,78
52,82
52,83
53,74
53,75
53,76
53,77
53,78
53,82
53,83
Ukraine 526
Europe
Ural,Afghanistan,Middle_East,Scandinavia,Northern_Europe,Southern_Europe
15,87
15,88
15,89
15,90
15,91
15,93
15,94
15,97
15,98
15,99
15,100
15,101
15,102
15,103
15,104
15,105
16,87
16,88
16,89
16,90
16,91
16,93
16,94
16,96
16,97
16,98
16,99
16,100
16,101
16,102
16,103
16,104
16,105
17,87
17,88
17,93
17,94
17,95
17,96
17,97
17,98
17,99
17,100
17,101
17,102
17,103
17,104
18,87
18,88
18,89
18,91
18,92
18,93
18,94
18,95
18,96
18,97
18,98
18,99
18,100
18,101
18,102
18,103
18,104
19,87
19,88
19,89
19,90
19,91
19,92
19,93
19,94
19,95
19,96
19,97
19,98
19,99
19,100
19,101
19,102
19,103
19,104
20,87
20,88
20,89
20,90
20,91
20,92
20,93
20,94
20,95
20,96
20,97
20,98
20,99
20,100
20,101
20,102
20,103
20,104
20,105
21,87
21,88
21,89
21,90
21,91
21,92
21,93
21,94
21,95
21,96
21,97
21,98
21,99
21,100
21,101
21,102
21,103
21,104
21,105
22,87
22,88
22,89
22,90
22,91
22,92
22,93
22,94
22,95
22,96
22,97
22,98
22,99
22,100
22,101
22,102
22,103
22,104
22,105
23,85
23,86
23,87
23,88
23,89
23,90
23,91
23,92
23,93
23,94
23,95
23,96
23,97
23,98
23,99
23,100
23,101
23,102
23,103
23,104
23,105
24,83
24,84
24,85
24,86
24,87
24,88
24,89
24,90
24,91
24,92
24,93
24,94
24,95
24,96
24,97
24,98
24,99
24,100
24,101
24,102
24,103
24,104
24,105
25,84
25,85
25,86
25,87
25,88
25,89
25,90
25,91
25,92
25,93
25,94
25,95
25,96
25,97
25,98
25,99
25,100
25,101
25,102
25,103
25,104
25,105
26,85
26,86
26,87
26,88
26,89
26,90
26,91
26,92
26,93
26,94
26,95
26,96
26,97
26,98
26,99
26,100
26,101
26,102
26,103
26,104
26,105
27,83
27,84
27,85
27,86
27,87
27,88
27,89
27,90
27,91
27,92
27,93
27,94
27,95
27,96
27,97
27,98
27,99
27,100
27,101
27,102
27,103
27,104
27,105
28,83
28,84
28,85
28,86
28,87
28,88
28,89
28,90
28,91
28,92
28,93
28,94
28,95
28,96
28,97
28,98
28,99
28,100
28,101
28,102
28,103
28,104
28,105
29,83
29,84
29,85
29,86
29,87
29,88
29,89
29,90
29,91
29,92
29,93
29,94
29,95
29,96
29,97
29,98
29,99
29,100
29,101
29,102
29,103
29,104
29,105
30,83
30,84
30,85
30,86
30,87
30,88
30,89
30,90
30,91
30,92
30,93
30,94
30,95
30,96
30,97
30,98
30,99
30,100
30,101
30,102
30,103
30,104
30,105
31,84
31,85
31,86
31,87
31,88
31,89
31,90
31,91
31,92
31,93
31,94
31,95
31,96
31,97
31,98
31,99
31,100
31,101
32,84
32,85
32,86
32,87
32,88
32,89
32,90
32,91
32,92
32,93
32,94
32,95
32,96
32,97
32,98
33,85
33,86
33,87
33,88
33,89
33,90
33,91
33,92
33,93
33,94
33,95
33,96
33,97
34,86
34,87
34,88
34,89
34,90
34,91
34,92
34,93
34,94
34,95
34,96
34,97
35,85
35,86
35,87
35,88
35,89
35,90
35,91
35,92
35,93
35,94
35,95
35,96
35,97
36,85
36,86
36,87
36,88
36,89
36,90
36,91
36,92
36,93
36,94
36,95
36,96
36,97
37,85
37,86
37,87
37,88
37,89
37,90
37,91
37,92
37,93
37,94
37,95
37,96
37,97
38,83
38,84
38,85
38,86
38,87
38,88
38,89
38,90
38,91
38,92
38,93
38,94
38,95
38,96
38,97
38,98
39,84
39,85
39,86
39,87
39,88
39,89
39,90
39,91
39,92
39,93
39,94
39,95
39,96
39,97
40,85
40,86
40,87
40,88
40,89
40,90
40,91
40,92
40,93
40,94
40,95
40,96
41,85
41,86
41,87
41,88
41,89
41,90
41,91
41,92
41,93
41,94
41,95
41,96
42,85
42,86
42,87
42,88
42,89
42,92
42,93
42,94
42,95
42,96
42,97
43,85
43,86
43,88
43,89
43,91
43,92
43,93
43,94
43,95
43,96
43,97
43,98
44,86
44,88
44,92
44,93
44,94
44,95
44,96
44,97
44,98
45,93
45,94
45,95
45,96
45,97
46,94
46,95
46,96
46,97
47,95
47,96
47,97
14,87
14,88
14,89
14,90
14,93
14,98
14,99
14,100
14,101
14,102
14,103
14,104
14,105
Scandinavia 124
Europe
Ukraine,Iceland,Great_Britain,Northern_Europe
13,82
13,83
13,84
13,85
14,81
14,82
14,83
14,84
14,85
14,86
15,79
15,80
15,81
15,82
15,83
15,84
15,85
15,86
16,78
16,79
16,80
16,81
16,82
16,83
16,84
16,85
16,86
17,78
17,79
17,80
17,81
17,82
17,83
17,84
17,85
17,86
18,77
18,78
18,79
18,80
18,81
18,82
18,83
18,84
18,85
18,86
19,76
19,77
19,78
19,79
19,80
19,81
19,82
19,83
19,84
19,85
19,86
20,75
20,76
20,77
20,78
20,79
20,80
20,81
20,82
20,84
20,85
20,86
21,74
21,75
21,76
21,77
21,78
21,79
21,80
21,81
21,83
21,84
21,85
21,86
22,73
22,74
22,75
22,76
22,77
22,78
22,79
22,80
22,81
22,83
22,84
22,85
22,86
23,73
23,74
23,75
23,76
23,77
23,78
23,79
23,80
24,73
24,74
24,75
24,76
24,77
24,78
24,79
24,80
24,81
25,74
25,75
25,76
25,77
25,78
25,79
25,80
26,74
26,75
26,76
26,78
26,79
26,80
27,79
North_Africa 383
Africa
Egypt,Brazil,Southern_Europe,East_Africa,Congo
56,69
56,70
56,71
56,72
56,73
56,74
56,75
56,76
56,77
56,78
56,79
57,67
57,68
57,69
57,70
57,71
57,72
57,73
57,74
57,75
57,76
57,77
57,78
57,79
58,66
58,67
58,68
58,69
58,70
58,71
58,72
58,73
58,74
58,75
58,76
58,77
58,78
59,65
59,66
59,67
59,68
59,69
59,70
59,71
59,72
59,73
59,74
59,75
59,76
59,77
59,78
60,65
60,66
60,67
60,68
60,69
60,70
60,71
60,72
60,73
60,74
60,75
60,76
60,77
61,64
61,65
61,66
61,67
61,68
61,69
61,70
61,71
61,72
61,73
61,74
61,75
61,76
61,77
62,64
62,65
62,66
62,67
62,68
62,69
62,70
62,71
62,72
62,73
62,74
62,75
62,76
62,77
62,63
63,64
63,65
63,66
63,67
63,68
63,69
63,70
63,71
63,72
63,73
63,74
63,75
63,76
63,77
63,63
64,64
64,65
64,66
64,67
64,68
64,69
64,70
64,71
64,72
64,73
64,74
64,75
64,76
64,77
64,78
64,63
64,62
65,64
65,65
65,66
65,67
65,68
65,69
65,70
65,71
65,72
65,73
65,74
65,75
65,76
65,77
65,78
65,79
65,63
65,62
65,80
65,81
66,64
66,65
66,66
66,67
66,68
66,69
66,70
66,71
66,72
66,73
66,74
66,75
66,76
66,77
66,78
66,79
66,63
66,80
66,81
66,82
67,64
67,65
67,66
67,67
67,68
67,69
67,70
67,71
67,72
67,73
67,74
67,75
67,76
67,77
67,78
67,79
67,80
67,81
67,82
67,83
67,63
68,64
68,65
68,66
68,67
68,68
68,69
68,70
68,71
68,72
68,73
68,74
68,75
68,76
68,77
68,78
68,79
68,80
68,81
68,82
68,83
68,84
68,63
68,62
69,64
69,65
69,66
69,67
69,68
69,69
69,70
69,71
69,72
69,73
69,74
69,75
69,76
69,77
69,78
69,79
69,80
69,81
69,82
69,83
69,84
69,63
69,62
70,64
70,65
70,66
70,67
70,68
70,69
70,70
70,71
70,72
70,73
70,74
70,75
70,76
70,77
70,78
70,79
70,80
70,81
70,82
70,83
70,84
70,63
70,62
71,64
71,65
71,66
71,67
71,68
71,69
71,70
71,71
71,72
71,73
71,74
71,75
71,76
71,77
71,78
71,79
71,80
71,81
71,82
71,83
71,63
71,62
72,64
72,65
72,66
72,67
72,68
72,69
72,70
72,71
72,72
72,73
72,74
72,75
72,76
72,77
72,78
72,79
72,80
72,81
72,82
72,83
72,63
72,62
73,64
73,65
73,66
73,67
73,68
73,69
73,70
73,71
73,72
73,73
73,74
73,75
73,76
73,77
73,78
73,79
73,80
73,81
73,82
73,63
74,64
74,65
74,66
74,67
74,68
74,69
74,70
74,71
74,72
74,73
74,74
74,75
74,76
74,77
74,78
74,79
74,80
74,81
75,65
75,66
75,67
75,68
75,69
75,70
75,71
75,72
75,73
75,74
75,75
75,76
75,77
75,78
75,79
75,80
76,66
76,67
76,68
76,69
76,70
76,71
76,72
76,73
76,74
76,75
76,76
76,77
76,78
76,79
76,80
77,67
77,68
77,69
77,71
77,72
77,76
77,77
77,78
77,79
77,80
78,78
78,79
78,80
79,78
79,79
Egypt 84
Africa
Middle_East,North_Africa,East_Africa,Southern_Europe
58,79
58,80
58,84
58,85
59,79
59,80
59,81
59,84
59,85
59,86
60,78
60,79
60,80
60,81
60,82
60,84
60,85
60,86
60,87
60,88
60,89
61,78
61,79
61,80
61,81
61,82
61,83
61,84
61,85
61,86
61,87
61,88
61,89
61,90
62,78
62,79
62,80
62,81
62,82
62,83
62,84
62,85
62,86
62,87
62,88
62,89
62,90
63,78
63,79
63,80
63,81
63,82
63,83
63,84
63,85
63,86
63,87
63,88
63,89
64,79
64,80
64,81
64,82
64,83
64,84
64,85
64,86
64,87
64,88
64,89
65,82
65,83
65,84
65,85
65,86
65,87
65,88
65,89
65,90
66,83
66,84
66,85
66,86
67,84
East_Africa 215
Africa
South_Africa,Madagascar,Congo,Egypt,Middle_East,North_Africa
66,87
66,88
66,89
66,90
66,91
66,92
67,85
67,86
67,87
67,88
67,89
67,90
67,91
67,92
67,93
68,85
68,86
68,87
68,88
68,89
68,90
68,91
68,92
68,93
69,85
69,86
69,87
69,88
69,89
69,90
69,91
69,92
69,93
69,94
70,85
70,86
70,87
70,88
70,89
70,90
70,91
70,92
70,93
70,94
71,84
71,85
71,86
71,87
71,88
71,89
71,90
71,91
71,92
71,93
71,94
71,95
72,84
72,85
72,86
72,87
72,88
72,89
72,90
72,91
72,92
72,93
72,94
72,95
72,96
73,85
73,86
73,87
73,88
73,89
73,90
73,91
73,92
73,93
73,94
73,95
73,96
73,99
73,100
73,101
74,86
74,87
74,88
74,89
74,90
74,91
74,92
74,93
74,94
74,95
74,96
74,97
74,98
74,99
74,100
74,101
75,86
75,87
75,88
75,89
75,90
75,91
75,92
75,93
75,94
75,95
75,96
75,97
75,98
75,99
75,100
75,101
76,87
76,88
76,89
76,90
76,91
76,92
76,93
76,94
76,95
76,96
76,97
76,98
76,99
76,100
77,87
77,88
77,89
77,90
77,91
77,92
77,93
77,94
77,95
77,96
77,97
77,98
77,99
77,100
78,90
78,91
78,92
78,93
78,94
78,95
78,96
78,97
78,98
78,99
79,92
79,93
79,94
79,95
79,96
79,97
79,98
80,91
80,92
80,93
80,94
80,95
80,96
80,97
80,98
81,91
81,92
81,93
81,94
81,95
81,96
81,97
82,90
82,91
82,92
82,93
82,94
82,95
82,96
83,90
83,91
83,92
83,93
83,94
83,95
84,90
84,91
84,92
84,93
84,94
84,95
85,90
85,91
85,92
85,93
85,94
86,90
86,91
86,92
86,93
86,94
86,94
87,91
87,92
87,93
87,94
87,94
88,91
88,92
89,91
90,91
Congo 128
Africa
East_Africa,North_Africa,South_Africa
73,83
73,84
74,82
74,83
74,84
74,85
75,81
75,82
75,83
75,84
75,85
76,81
76,82
76,83
76,84
76,85
76,86
77,81
77,82
77,83
77,84
77,85
77,86
78,81
78,82
78,83
78,84
78,85
78,86
78,87
78,88
78,89
79,80
79,81
79,82
79,83
79,84
79,85
79,86
79,87
79,88
79,89
79,90
79,91
80,78
80,79
80,80
80,81
80,82
80,83
80,84
80,85
80,86
80,87
80,88
80,89
80,90
81,78
81,79
81,80
81,81
81,82
81,83
81,84
81,85
81,86
81,87
81,88
81,89
81,90
82,79
82,80
82,81
82,82
82,83
82,84
82,85
82,86
82,87
82,88
82,89
83,79
83,80
83,81
83,82
83,83
83,84
83,85
83,86
83,87
83,88
83,89
84,80
84,81
84,82
84,83
84,84
84,85
84,86
84,87
84,88
84,89
85,81
85,82
85,83
85,84
85,85
85,86
85,87
85,88
85,89
86,84
86,85
86,86
86,87
86,88
86,89
87,84
87,85
87,86
87,87
87,88
88,84
88,85
88,86
88,87
88,88
89,88
South_Africa 203
Africa
Madagascar,Congo,East_Africa
86,80
86,81
86,82
86,83
86,89
86,90
87,80
87,81
87,82
87,83
87,89
87,90
88,80
88,81
88,82
88,83
88,89
88,90
88,93
88,94
88,95
89,80
89,81
89,82
89,83
89,84
89,85
89,86
89,87
89,89
89,90
89,92
89,93
89,94
89,95
89,79
90,80
90,81
90,82
90,83
90,84
90,85
90,86
90,87
90,88
90,89
90,90
90,92
90,93
90,94
90,95
90,79
91,80
91,81
91,82
91,83
91,84
91,85
91,86
91,87
91,88
91,89
91,90
91,91
91,92
91,93
91,94
91,95
91,79
92,79
92,80
92,81
92,82
92,83
92,84
92,85
92,86
92,87
92,88
92,89
92,90
92,91
92,92
92,93
92,94
93,80
93,81
93,82
93,83
93,84
93,85
93,86
93,87
93,88
93,89
93,90
93,91
93,92
93,93
94,80
94,81
94,82
94,83
94,84
94,85
94,86
94,87
94,88
94,89
94,90
94,91
94,92
95,80
95,81
95,82
95,83
95,84
95,85
95,86
95,87
95,88
95,89
95,90
95,91
95,92
96,80
96,81
96,82
96,83
96,84
96,85
96,86
96,87
96,88
96,89
96,90
96,91
96,92
97,80
97,81
97,82
97,83
97,84
97,85
97,86
97,87
97,88
97,89
97,90
97,91
97,92
98,80
98,81
98,82
98,83
98,84
98,85
98,86
98,87
98,88
98,89
98,90
98,91
98,92
99,81
99,82
99,83
99,84
99,85
99,86
99,87
99,88
99,89
99,90
99,91
100,82
100,83
100,84
100,85
100,86
100,87
100,88
100,89
100,90
101,83
101,84
101,85
101,86
101,87
101,88
101,89
102,82
102,83
102,84
102,85
102,86
102,87
103,82
103,83
103,84
103,85
103,86
85,80
Madagascar 63
Africa
South_Africa,East_Africa
89,102
89,103
90,101
90,102
90,103
90,104
91,100
91,101
91,102
91,103
91,104
92,98
92,99
92,100
92,101
92,102
92,103
92,104
93,98
93,99
93,100
93,101
93,102
93,103
94,98
94,99
94,100
94,101
94,102
94,103
95,98
95,99
95,100
95,101
95,102
95,97
95,98
95,99
95,100
95,101
96,97
96,98
96,99
96,100
96,101
97,96
97,97
97,98
97,99
97,100
98,96
98,97
98,98
98,99
98,100
99,95
99,96
99,97
99,98
99,99
100,96
100,97
100,98
Ural 155
Asia
Afghanistan,Siberia,China,Ukraine
11,104
11,105
11,106
12,105
12,106
12,107
13,106
13,107
13,108
14,106
14,107
14,108
15,106
15,107
15,108
15,110
16,106
16,107
16,108
16,110
17,105
17,106
17,107
17,108
17,109
17,110
17,111
18,105
18,106
18,107
18,108
18,109
18,110
18,111
19,105
19,106
19,107
19,108
19,109
19,110
19,111
20,106
20,107
20,108
20,109
20,110
20,111
20,112
21,106
21,107
21,108
21,109
21,110
21,111
21,112
22,106
22,107
22,108
22,109
22,110
22,111
22,112
22,113
23,106
23,107
23,108
23,109
23,110
23,111
23,112
23,113
24,106
24,107
24,108
24,109
24,110
24,111
24,112
24,113
25,106
25,107
25,108
25,109
25,110
25,111
25,112
25,113
26,106
26,107
26,108
26,109
26,110
26,111
26,112
26,113
27,106
27,107
27,108
27,109
27,110
27,111
27,112
28,106
28,107
28,108
28,109
28,110
28,111
28,112
28,113
29,106
29,107
29,108
29,109
29,110
29,111
29,112
29,113
30,107
30,108
30,109
30,110
30,111
30,112
30,113
30,114
31,108
31,109
31,110
31,111
31,112
31,113
31,114
32,108
32,109
32,110
32,111
32,112
32,113
32,114
32,115
33,109
33,110
33,111
33,112
33,113
33,114
33,115 
34,110
34,111
34,112
34,113
34,114
35,112
35,113
Afghanistan 174
Asia
Middle_East,Ukraine,India,China,Ural
30,106
31,101
31,102
31,103
31,104
31,105
31,106
31,107
32,99
32,100
32,101
32,102
32,103
32,104
32,105
32,106
32,107
33,98
33,99
33,100
33,101
33,102
33,103
33,104
33,105
33,106
33,107
33,108
34,98
34,99
34,100
34,101
34,102
34,103
34,104
34,105
34,106
34,107
34,108
34,109
35,98
35,99
35,100
35,101
35,102
35,103
35,104
35,105
35,106
35,107
35,108
35,109
35,110
35,111
36,98
36,99
36,100
36,101
36,102
36,103
36,104
36,105
36,106
36,107
36,108
36,109
36,110
36,111
36,112
37,98
37,99
37,100
37,101
37,102
37,103
37,104
37,105
37,106
37,107
37,108
37,109
37,110
37,111
37,112
38,100
38,101
38,102
38,103
38,104
38,105
38,106
38,107
38,108
38,109
38,110
38,111
38,112
39,100
39,101
39,102
39,103
39,104
39,105
39,106
39,107
39,108
39,109
39,110
39,111
40,99
40,100
40,101
40,102
40,103
40,104
40,105
40,106
40,107
40,108
40,109
40,110
40,111
41,99
41,100
41,101
41,102
41,103
41,104
41,105
41,106
41,107
41,108
41,109
41,110
42,100
42,101
42,102
42,103
42,104
42,105
42,106
42,107
42,108
42,109
43,100
43,101
43,102
43,103
43,104
43,105
43,106
43,107
43,108
43,109
44,101
44,102
44,103
44,104
44,105
44,106
44,107
44,108
44,109
44,110
45,101
45,102
45,103
45,104
45,105
45,106
45,107
45,108
46,103
46,104
Middle_East 332
Asia
India,Afghanistan,Egypt,East_Africa,Ukraine,Southern_Europe
47,103
47,104
48,85
48,87
48,88
48,95
48,96
48,97
48,102
48,103
48,104
49,85
49,86
49,87
49,88
49,89
49,90
49,91
49,92
49,93
49,94
49,95
49,96
49,97
49,98
49,99
49,100
49,101
49,102
49,103
49,104
49,105
49,106
50,85
50,86
50,87
50,88
50,89
50,90
50,91
50,92
50,93
50,94
50,95
50,96
50,97
50,98
50,99
50,100
50,101
50,102
50,103
50,104
50,105
50,106
51,85
51,86
51,87
51,88
51,89
51,90
51,91
51,92
51,93
51,94
51,95
51,96
51,97
51,98
51,99
51,100
51,101
51,102
51,103
51,104
51,105
51,106
52,85
52,86
52,87
52,88
52,89
52,90
52,91
52,92
52,93
52,94
52,95
52,96
52,97
52,98
52,99
52,100
52,101
52,102
52,103
52,104
52,105
52,106
53,88
53,89
53,90
53,91
53,92
53,93
53,94
53,95
53,96
53,97
53,98
53,99
53,100
53,101
53,102
53,103
53,104
53,105
53,106
54,92
54,93
54,94
54,95
54,96
54,97
54,98
54,99
54,100
54,101
54,102
54,103
54,104
54,105
54,106
54,107
55,92
55,93
55,94
55,95
55,96
55,97
55,98
55,99
55,100
55,101
55,102
55,103
55,104
55,105
55,106
55,107
56,92
56,93
56,94
56,95
56,96
56,97
56,98
56,99
56,100
56,101
56,102
56,104
56,105
56,106
56,107
57,92
57,93
57,94
57,95
57,96
57,97
57,98
57,99
57,100
57,101
57,102
57,104
57,105
57,106
57,91
57,92
57,93
57,94
57,95
57,96
57,97
57,98
57,99
57,100
57,101
57,102
57,104
57,105
57,106
58,91
58,92
58,93
58,94
58,95
58,96
58,97
58,98
58,99
58,100
58,101
58,102
59,91
59,92
59,93
59,94
59,95
59,96
59,97
59,98
59,99
59,100
59,101
59,102
59,103
60,90
60,91
60,92
60,93
60,94
60,95
60,96
60,97
60,98
60,99
60,100
60,101
60,102
60,103
60,104
60,105
61,91
61,92
61,93
61,94
61,95
61,96
61,97
61,98
61,99
61,100
61,101
61,102
61,103
61,104
61,105
61,106
62,92
62,93
62,94
62,95
62,96
62,97
62,98
62,99
62,100
62,101
62,102
62,103
62,104
62,105
62,106
63,93
63,94
63,95
63,96
63,97
63,98
63,99
63,100
63,101
63,102
63,103
63,104
63,105
63,106
64,94
64,95
64,96
64,97
64,98
64,99
64,100
64,101
64,102
64,103
64,104
64,105
65,95
65,96
65,97
65,98
65,99
65,100
65,101
65,102
65,103
65,104
65,105
66,96
66,97
66,98
66,99
66,100
66,101
66,102
66,103
66,104
67,97
67,98
67,99
67,100
67,101
67,102
67,103
68,97
68,98
68,99
68,100
68,101
68,102
69,98
69,99
69,100
69,101
70,98
70,99
70,100
Siberia 365
Asia
Yakutsk,Irkutsk,Mongolia,China,Ural
3,115
3,116
3,117
3,118
3,119
4,113
4,114
4,115
4,116
4,117
4,118
4,119
4,120
4,121
5,112
5,113
5,114
5,115
5,116
5,117
5,118
5,119
5,120
5,121
6,111
6,112
6,113
6,114
6,115
6,116
6,117
6,118
6,119
6,120
6,121
6,122
6,123
6,124
6,125
7,110
7,111
7,112
7,113
7,114
7,115
7,116
7,117
7,118
7,119
7,120
7,121
7,122
7,123
7,124
7,125
7,126
8,111
8,112
8,113
8,114
8,115
8,116
8,117
8,118
8,119
8,120
8,121
8,122
8,123
8,124
8,125
8,126
9,109
9,111
9,112
9,113
9,114
9,115
9,116
9,117
9,118
9,119
9,120
9,121
9,122
9,123
9,124
9,125
9,126
10,109
10,110
10,111
10,112
10,113
10,114
10,115
10,116
10,117
10,118
10,119
10,120
10,121
10,122
10,123
10,124
10,125
10,126
11,109
11,110
11,111
11,112
11,113
11,114
11,115
11,116
11,117
11,118
11,119
11,120
11,121
11,122
11,123
11,124
11,125
11,126
12,109
12,110
12,111
12,112
12,113
12,114
12,115
12,116
12,117
12,118
12,119
12,120
12,121
12,122
12,123
12,124
12,125
12,126
13,110
13,111
13,112
13,113
13,114
13,115
13,116
13,117
13,118
13,119
13,120
13,121
13,122
13,123
13,124
14,111
14,112
14,113
14,114
14,115
14,116
14,117
14,118
14,119
14,120
14,121
14,122
14,123
15,112
15,113
15,114
15,115
15,116
15,117
15,118
15,119
15,120
15,121
15,122
15,123
15,124
16,112
16,113
16,114
16,115
16,116
16,117
16,118
16,119
16,120
16,121
16,122
16,123
16,124
17,112
17,113
17,114
17,115
17,116
17,117
17,118
17,119
17,120
17,121
17,122
17,123
17,124
17,125
18,112
18,113
18,114
18,115
18,116
18,117
18,118
18,119
18,120
18,121
18,122
18,123
18,124
18,125
19,112
19,113
19,114
19,115
19,116
19,117
19,118
19,119
19,120
19,121
19,122
19,123
19,124
19,125
20,113
20,114
20,115
20,116
20,117
20,118
20,119
20,120
20,121
20,122
20,123
20,124
20,125
21,113
21,114
21,115
21,116
21,117
21,118
21,119
21,120
21,121
21,122
21,123
21,124
22,114
22,115
22,116
22,117
22,118
22,119
22,120
22,121
22,122
22,123
22,124
23,114
23,115
23,116
23,117
23,118
23,119
23,120
23,121
23,122
23,123
23,124
24,114
24,115
24,116
24,117
24,118
24,119
24,120
24,121
24,122
24,123
24,124
24,125
25,114
25,115
25,116
25,117
25,118
25,119
25,120
25,121
25,122
25,123
25,125
26,114
26,115
26,116
26,117
26,118
26,119
26,120
26,121
27,113
27,114
27,115
27,116
27,117
27,118
27,119
27,120
28,114
28,115
28,116
28,117
28,118
28,119
28,120
29,114
29,115
29,116
29,117
29,118
29,119
29,120
30,115
30,116
30,117
30,118
30,119
31,115
31,116
31,117
31,118
31,119
31,120
32,116
32,117
32,118
32,119
32,120
32,121
33,117
33,118
33,119
33,120
33,121
34,120
34,121
35,120
35,121
Yakutsk 131
Asia
Kamchatka,Irkutsk,Siberia
5,127
6,126
6,127
6,132
6,133
6,134
6,135
6,136
7,127
7,128
7,130
7,131
7,132
7,133
7,134
7,135
7,136
7,137
8,127
8,128
8,129
8,130
8,131
8,132
8,133
8,134
8,135
8,136
8,137
9,127
9,128
9,129
9,130
9,131
9,132
9,133
9,134
9,135
9,136
10,127
10,128
10,129
10,130
10,131
10,132
10,133
10,134
10,135
10,136
11,127
11,128
11,129
11,130
11,131
11,132
11,133
11,134
11,135
11,136
12,127
12,128
12,129
12,130
12,131
12,132
12,133
12,134
12,135
12,136
12,137
13,125
13,126
13,127
13,128
13,129
13,130
13,131
13,132
13,133
13,134
13,135
13,136
13,137
14,124
14,125
14,126
14,127
14,128
14,129
14,130
14,131
14,132
14,133
14,134
14,135
14,136
14,137
15,125
15,126
15,127
15,128
15,129
15,130
15,131
15,132
15,133
15,136
15,137
16,125
16,126
16,127
16,128
16,129
16,130
16,131
16,132
17,126
17,127
17,128
17,129
17,130
17,131
17,132
18,126
18,127
18,128
18,129
18,130
18,131
19,126
19,127
Kamchatka 259
Asia
Yakutsk,Alaska,Irkutsk,Mongolia,Japan
8,145
8,146
8,147
8,148
8,149
9,137
9,138
9,139
9,140
9,141
9,142
9,143
9,144
9,145
9,146
9,147
9,148
9,149
9,150
10,137
10,138
10,139
10,140
10,141
10,142
10,143
10,144
10,145
10,146
10,147
10,148
10,149
10,150
10,151
11,137
11,138
11,139
11,140
11,141
11,142
11,143
11,144
11,145
11,146
11,147
11,148
11,149
11,150
11,151
11,152
12,138
12,139
12,140
12,141
12,142
12,143
12,144
12,145
12,146
12,147
12,148
12,149
12,150
12,151
12,152
12,153
13,138
13,139
13,140
13,141
13,142
13,143
13,144
13,145
13,146
13,147
13,148
13,149
13,150
13,152
13,153
14,138
14,139
14,140
14,141
14,142
14,143
14,144
14,145
14,146
14,147
14,148
14,149
14,150
14,151
15,134
15,135
15,138
15,139
15,140
15,141
15,142
15,143
15,144
15,145
15,146
15,147
15,148
15,149
15,150
15,151
16,133
16,134
16,135
16,136
16,137
16,138
16,139
16,140
16,141
16,142
16,143
16,144
16,145
16,146
16,147
16,148
16,149
16,150
17,133
17,134
17,135
17,136
17,137
17,138
17,139
17,140
17,141
17,142
17,143
17,144
17,145
17,146
17,147
17,148
17,149
18,132
18,133
18,134
18,135
18,136
18,137
18,138
18,139
18,140
18,141
18,142
18,144
18,146
18,147
18,149
19,132
19,133
19,134
19,135
19,136
19,137
19,138
19,139
19,140
19,141
19,142
19,146
19,147
20,132
20,133
20,134
20,135
20,136
20,137
20,146
20,147
20,148
21,132
21,133
21,134
21,135
21,136
21,137
21,146
21,147
21,148
22,132
22,133
22,134
22,135
22,136
22,146
22,147
22,148
23,133
23,134
23,135
23,136
23,137
23,146
23,147
23,148
24,134
24,135
24,136
24,137
24,138
24,146
24,147
24,148
25,134
25,135
25,136
25,137
25,138
25,139
25,147
25,148
26,136
26,137
26,138
26,139
26,147
26,148
27,137
27,138
27,139
28,137
28,138
28,139
28,140
29,137
29,138
29,139
29,140
30,137
30,138
30,139
30,140
31,137
31,138
31,139
31,140
32,137
32,138
32,139
32,140
33,137
33,138
33,139
33,140
34,139
34,140
Irkutsk 129
Asia
Kamchatka,Mongolia,Yakutsk,Siberia
19,128
19,129
19,130
19,131
20,126
20,127
20,128
20,129
20,130
20,131
21,125
21,126
21,127
21,128
21,129
21,130
21,131
22,125
22,126
22,127
22,128
22,129
22,130
22,131
23,125
23,126
23,127
23,128
23,129
23,130
23,131
23,132
24,126
24,127
24,128
24,129
24,130
24,131
24,132
24,133
25,124
25,126
25,127
25,128
25,129
25,130
25,131
25,132
25,133
26,122
26,123
26,124
26,125
26,126
26,127
26,128
26,129
26,130
26,131
26,132
26,133
26,134
26,135
27,121
27,122
27,123
27,124
27,125
27,126
27,127
27,128
27,129
27,130
27,131
27,132
27,133
27,134
27,135
27,136
28,121
28,122
28,123
28,124
28,125
28,126
28,127
28,128
28,129
28,130
28,134
28,135
28,136
29,121
29,122
29,123
29,124
29,125
29,126
29,127
29,128
29,129
29,130
29,134
29,135
29,136
30,120
30,121
30,122
30,123
30,124
30,125
30,126
30,127
30,128
30,129
30,130
30,135
30,136
31,121
31,122
31,123
31,124
31,125
31,126
31,127
31,128
31,129
31,130
31,136
Mongolia 181
Asia
Japan,China,Irkutsk,Siberia,Kamchatka
28,131
28,132
28,133
29,131
29,132
29,133
30,131
30,132
30,133
30,134
31,131
31,132
31,133
31,134
31,135
32,122
32,123
32,124
32,125
32,126
32,127
32,128
32,129
32,130
32,131
32,132
32,133
32,134
32,135
32,136
33,122
33,123
33,124
33,125
33,126
33,127
33,128
33,129
33,130
33,131
33,132
33,133
33,134
33,135
33,136
34,122
34,123
34,124
34,125
34,126
34,127
34,128
34,129
34,130
34,131
34,132
34,133
34,134
34,135
34,136
34,137
34,138
35,122
35,123
35,124
35,125
35,126
35,127
35,128
35,129
35,130
35,131
35,132
35,133
35,134
35,135
35,136
35,137
35,138
35,139
36,122
36,123
36,124
36,125
36,126
36,127
36,128
36,129
36,130
36,131
36,132
36,133
36,134
36,135
36,136
36,137
36,138
36,139
37,123
37,124
37,125
37,126
37,127
37,128
37,129
37,130
37,131
37,132
37,133
37,134
37,135
37,136
37,137
37,138
38,123
38,124
38,125
38,126
38,127
38,128
38,129
38,130
38,131
38,132
38,133
38,134
38,135
38,136
38,137
38,138
39,124
39,125
39,126
39,127
39,128
39,129
39,130
39,131
39,132
39,133
39,134
39,135
39,137
39,138
39,139
40,124
40,125
40,126
40,127
40,128
40,129
40,130
40,131
40,132
40,133
40,134
40,135
40,138
40,139
40,140
41,127
41,128
41,129
41,130
41,131
41,132
41,133
41,134
41,135
41,136
41,139
41,140
42,130
42,131
42,132
42,133
42,134
42,135
42,136
42,139
42,140
Japan 77
Asia
Kamchatka,Mongolia
30,145
30,146
30,147
30,148
30,149
31,146
31,147
31,148
31,149
31,150
32,145
32,146
32,147
32,148
32,149
33,146
33,147
33,148
34,145
34,146
34,147
34,148
34,149
35,146
35,147
35,148
35,149
36,146
36,147
36,148
36,149
37,146
37,147
37,148
37,149
37,150
38,145
38,146
38,147
38,148
38,149
38,150
39,145
39,146
39,147
39,148
39,149
39,150
40,145
40,146
40,147
40,148
40,149
41,144
41,145
41,146
41,147
41,148
42,143
42,144
42,145
42,146
42,147
42,148
43,143
43,144
43,145
43,146
43,147
44,143
44,144
44,145
44,146
45,144
45,145
45,146
46,145
China 356
Asia
Siam,India,Mongolia,Siberia,Ural,Afghanistan
33,116
34,115
34,116
34,117
34,118
34,119
35,114
35,115
35,116
35,117
35,118
35,119
36,113
36,114
36,115
36,116
36,117
36,118
36,119
36,120
36,121
37,113
37,114
37,115
37,116
37,117
37,118
37,119
37,120
37,121
37,122
38,113
38,114
38,115
38,116
38,117
38,118
38,119
38,120
38,121
38,122
39,112
39,113
39,114
39,115
39,116
39,117
39,118
39,119
39,120
39,121
39,122
39,123
40,112
40,113
40,114
40,115
40,116
40,117
40,118
40,119
40,120
40,121
40,122
40,123
41,111
41,112
41,113
41,114
41,115
41,116
41,117
41,118
41,119
41,120
41,121
41,122
41,123
41,124
41,125
41,126
42,110
42,111
42,112
42,113
42,114
42,115
42,116
42,117
42,118
42,119
42,120
42,121
42,122
42,123
42,124
42,125
42,126
42,127
42,128
42,129
43,110
43,111
43,112
43,113
43,114
43,115
43,116
43,117
43,118
43,119
43,120
43,121
43,122
43,123
43,124
43,125
43,126
43,127
43,128
43,129
43,130
43,131
43,132
43,133
43,134
43,135
43,136
44,111
44,112
44,113
44,114
44,115
44,116
44,117
44,118
44,119
44,120
44,121
44,122
44,123
44,124
44,125
44,126
44,127
44,128
44,129
44,130
44,131
44,132
44,133
44,134
44,135
44,136
44,137
45,113
45,114
45,115
45,116
45,117
45,118
45,119
45,120
45,121
45,122
45,123
45,124
45,125
45,126
45,127
45,128
45,129
45,130
45,131
45,132
45,133
45,134
45,135
45,136
45,137
46,115
46,116
46,117
46,118
46,119
46,120
46,121
46,122
46,123
46,124
46,125
46,126
46,127
46,128
46,129
46,130
46,131
46,132
46,133
46,134
46,135
46,136
46,137
47,115
47,116
47,117
47,118
47,119
47,120
47,121
47,122
47,123
47,124
47,125
47,126
47,127
47,128
47,129
47,130
47,131
47,132
47,133
47,134
47,135
47,136
47,137
48,116
48,117
48,118
48,119
48,120
48,121
48,122
48,123
48,124
48,125
48,126
48,127
48,128
48,129
48,130
48,131
48,132
48,133
48,134
48,135
48,136
48,137
49,116
49,117
49,118
49,119
49,120
49,121
49,122
49,123
49,124
49,125
49,126
49,127
49,128
49,129
49,130
49,131
49,132
49,133
49,134
49,135
49,136
49,137
50,118
50,119
50,120
50,121
50,122
50,123
50,124
50,125
50,126
50,127
50,128
50,129
50,130
50,131
50,132
50,133
50,134
50,135
50,136
50,137
51,120
51,121
51,122
51,123
51,124
51,125
51,126
51,127
51,128
51,129
51,130
51,131
51,132
51,133
51,134
51,135
51,136
51,137
52,122
52,123
52,124
52,125
52,126
52,127
52,128
52,129
52,130
52,131
52,132
52,133
52,134
52,135
52,136
52,137
53,124
53,125
53,126
53,127
53,128
53,129
53,130
53,131
53,132
53,133
53,134
53,135
53,136
54,125
54,126
54,127
54,128
54,129
54,130
54,131
54,132
54,133
54,134
54,135
54,136
55,126
55,127
55,129
55,130
55,131
55,132
55,133
India 229
Asia
Siam,China,Middle_East,Afghanistan
45,109
45,110
45,111
45,112
46,105
46,106
46,107
46,108
46,109
46,110
46,111
46,112
46,113
46,114
47,105
47,106
47,107
47,108
47,109
47,110
47,111
47,112
47,113
47,114
48,105
48,106
48,107
48,108
48,109
48,110
48,111
48,112
48,113
48,114
48,115
49,107
49,108
49,109
49,110
49,111
49,112
49,113
49,114
49,115
50,107
50,108
50,109
50,110
50,111
50,112
50,113
50,114
50,115
50,116
50,117
51,107
51,108
51,109
51,110
51,111
51,112
51,113
51,114
51,115
51,116
51,117
51,118
51,119
52,107
52,108
52,109
52,110
52,111
52,112
52,113
52,114
52,115
52,116
52,117
52,118
52,119
52,120
52,121
53,107
53,108
53,109
53,110
53,111
53,112
53,113
53,114
53,115
53,116
53,117
53,118
53,119
53,120
53,121
53,122
53,123
54,108
54,109
54,110
54,111
54,112
54,113
54,114
54,115
54,116
54,117
54,118
54,119
54,120
54,121
54,122
54,123
54,124
55,108
55,109
55,110
55,111
55,112
55,113
55,114
55,115
55,116
55,117
55,118
55,119
55,120
55,121
55,122
55,123
56,109
56,110
56,111
56,112
56,113
56,114
56,115
56,116
56,117
56,118
56,119
56,120
56,121
56,122
57,111
57,112
57,113
57,114
57,115
57,116
57,117
57,118
57,119
57,120
57,121
58,112
58,113
58,114
58,115
58,116
58,117
58,118
58,119
58,120
59,113
59,114
59,115
59,116
59,117
59,118
59,119
59,119
59,120
60,113
60,114
60,115
60,116
60,117
60,118
60,119
60,120
61,113
61,114
61,115
61,116
61,117
61,118
61,119
62,113
62,114
62,115
62,116
62,117
62,118
62,119
63,113
63,114
63,115
63,116
63,117
63,118
63,119
64,113
64,114
64,115
64,116
64,117
64,118
65,114
65,115
65,116
65,117
65,118
66,114
66,115
66,116
66,117
66,118
67,115
67,116
67,117
67,118
68,116
68,117
68,118
69,117
Siam 100
Asia
China,India,Indonesia
55,124
55,125
55,128
56,123
56,124
56,125
56,126
56,127
56,128
56,129
56,130
56,131
57,122
57,123
57,124
57,125
57,126
57,127
57,128
57,129
57,130
58,122
58,123
58,124
58,125
58,126
58,127
58,128
58,129
58,130
59,123
59,124
59,125
59,126
59,127
59,128
59,129
59,130
59,131
60,124
60,125
60,126
60,127
60,128
60,129
60,130
60,131
60,132
61,124
61,125
61,126
61,127
61,128
61,129
61,130
61,131
61,132
62,126
62,127
62,128
62,129
62,130
62,131
62,132
63,126
63,127
63,128
63,129
63,130
63,131
63,132
64,126
64,127
64,128
64,129
64,130
64,131
64,132
64,133
65,126
65,127
65,129
65,130
65,131
65,132
65,133
66,126
66,127
66,130
66,131
66,132
66,133
67,126
67,127
67,130
67,131
67,132
68,127
68,130
68,131
Indonesia 54
Australia
New_Guinea,Siam,Western_Australia,Eastern_Australia
76,134
77,133
77,134
78,133
78,134
79,132
79,133
79,134
79,135
74,131
74,132
74,133
75,130
75,131
75,132
76,129
76,130
76,131
76,132
77,128
77,129
77,130
77,131
78,128
78,129
78,130
78,131
79,129
79,130
75,121
75,122
76,122
76,123
76,124
77,123
77,124
77,125
78,124
78,125
78,126
79,125
79,126
79,127
80,126
80,127
80,128
81,127
81,128
81,129
82,128
82,129
82,130
83,129
83,130
New_Guinea 35
Australia
Indonesia,Eastern_Australia,Western_Australia
73,136
73,137
73,138
73,139
73,140
73,141
73,142
74,136
74,137
74,138
74,139
74,140
74,141
74,142
74,143
75,138
75,139
75,140
75,141
75,142
75,143
75,144
76,138
76,139
76,140
76,141
76,142
76,143
76,144
77,140
77,141
77,142
77,143
77,144
77,145
Western_Australia 197
Australia
Eastern_Australia,Indonesia,New_Guinea
83,133
84,132
84,133
85,131
85,132
85,133
86,130
86,131
86,132
86,133
87,129
87,130
87,131
87,132
87,133
88,128
88,129
88,130
88,131
88,132
88,133
89,128
89,129
89,130
89,131
89,132
89,133
90,126
90,127
90,128
90,129
90,130
90,131
90,132
90,133
91,124
91,125
91,126
91,127
91,128
91,129
91,130
91,131
91,132
91,133
92,122
92,123
92,124
92,125
92,126
92,127
92,128
92,129
92,130
92,131
92,132
92,133
93,123
93,124
93,125
93,126
93,127
93,128
93,129
93,130
93,131
93,132
93,133
93,134
93,135
93,136
93,137
93,138
93,139
93,140
94,123
94,124
94,125
94,126
94,127
94,128
94,129
94,130
94,131
94,132
94,133
94,134
94,135
94,136
94,137
94,138
94,139
94,140 
95,124
95,125
95,126
95,127
95,128
95,129
95,130
95,131
95,132
95,133
95,134
95,135
95,136
95,137
95,138
95,139
95,140 
96,124
96,125
96,126
96,127
96,128
96,129
96,130
96,131
96,132
96,133
96,134
96,135
96,136
96,137
96,138
96,139
96,140 
97,124
97,125
97,126
97,127
97,128
97,129
97,130
97,131
97,132
97,133
97,134
97,135
97,136
97,137
97,138
97,139
97,140
98,124
98,125
98,126
98,127
98,128
98,129
98,130
98,131
98,132
98,133
98,134
98,135
98,136
98,137
98,138
98,139
98,140
99,125
99,126
99,127
99,128
99,129
99,130
99,131
99,132
99,133
99,136
99,137
99,138
99,139
99,140
100,126
100,127
100,128
100,129
100,130
100,131
100,137
100,138
100,139
100,140
101,127
101,128
101,129
101,130
101,137
101,138
101,139
101,140
102,126
102,127
102,128
102,129
Eastern_Australia 205
Australia
Western_Australia,New_Guinea
82,136
82,137
82,141
83,134
83,135
83,136
83,137
83,138
83,141
83,142
84,134
84,135
84,136
84,137
84,141
84,142
85,134
85,135
85,136
85,141
85,142
85,143
86,134
86,135
86,136
86,137
86,138
86,140
86,141
86,142
86,143
86,134
86,135
86,136
86,137
86,138
86,139
86,140
86,141
86,142
86,143
86,144
87,134
87,135
87,136
87,137
87,138
87,139
87,140
87,141
87,142
87,143
87,144
88,134
88,135
88,136
88,137
88,138
88,139
88,140
88,141
88,142
88,143
88,144
88,145
89,134
89,135
89,136
89,137
89,138
89,139
89,140
89,141
89,142
89,143
89,144
89,145
89,146
90,134
90,135
90,136
90,137
90,138
90,139
90,140
90,141
90,142
90,143
90,144
90,145
90,146
91,134
91,135
91,136
91,137
91,138
91,139
91,140
91,141
91,142
91,143
91,144
91,145
91,146
92,134
92,135
92,136
92,137
92,138
92,139
92,140
92,141
92,142
92,143
92,144
92,145
92,146
92,147
93,141
93,142
93,143
93,144
93,145
93,146
93,147
93,148
94,141
94,142
94,143
94,144
94,145
94,146
94,147
94,148
94,149
95,141
95,142
95,143
95,144
95,145
95,146
95,147
95,148
95,149
96,141
96,142
96,143
96,144
96,145
96,146
96,147
96,148
96,149
97,141
97,142
97,143
97,144
97,145
97,146
97,147
97,148
97,149
98,141
98,142
98,143
98,144
98,145
98,146
98,147
98,148
99,141
99,142
99,143
99,144
99,145
99,146
99,147
99,148
100,141
100,142
100,143
100,144
100,145
100,146
100,147
101,141
101,142
101,143
101,144
101,145
101,146
101,147
102,140
102,141
102,142
102,143
102,144
102,145
102,146
103,140
103,141
103,142
103,143
103,144
103,145